333333333333333333333333333333333333333333333333333333333333333333333333333333333333333333333333333333333333333333333333333333333333333333333333333333311111111111111111111111111111111111111111111111111111111111111111111111111111111111111111111111111111111
333333333333333333333333333333333333333333333333333333333333333333333333333333333333333333333333333333333333333333333333333333333333333333333333333333131111111111111111111111111111111111111111111111111111111111111111111111111111111111111111111111111111111
333333333333333333333333333333333333333333333333333333333333333333333333333333333333333333333333333333333333333333333333333333333333333333333333333333313111111111111111111111111111111111111111111111111111111111111111111111111111111111111111111111111111111
433333333333333333333333333333333333333333333333333333333333333333333333333333333333333333333333333333333333333333333333333333333333333333333333333333331111111111111111111111111111111111111111111111111111111111111111111111111111111111111111111111111111111
443333333333333333333333333333333333333333333333333333333333333333333333333333333333333333333333333333333333333333333333333333333333333333333333333333333111111111111111111111111111111111111111111111111111111111111111111111111111111111111111111111111111111
444333333333333333333333333333333333333333333333333333333333333333333333333333333333333333333333333333333333333333333333333333333333333333333333333333333311111111111111111111111111111111111111111111111111111111111111111111111111111111111111111111111111111
444433333333333333333333333333333333333333333333333333333333333333333333333333333333333333333333333333333333333333333333333333333333333333333333333333333331111111111111111111111111111111111111111111111111111111111111111111111111111111111111111111111111111
444433333333333333333333333333333333333333333333333333333333333333333333333333333333333333333333333333333333333333333333333333333333333333333333333333333333111111111111111111111111111111111111111111111111111111111111111111111111111111111111111111111111111
444333333333333333333333333333333333333333333333333333333333333333333333333333333333333333333333333333333333333333333333333333333333333333333333333333333333111111111111111111111111111111111111111111111111111111111111111111111111111111111111111111111111111
444433333333333333333333333333333333333333333333333333333333333333333333333333333333333333333333333333333333333333333333333333333333333333333333333333333333111111111111111111111111111111111111111111111111111111111111111111111111111111111111111111111111111
444443333333333333333333333333333333333333333333333333333333333333333333333333333333333333333333333333333333333333333333333333333333333333333333333333333333111111111111111111111111111111111111111111111111111111111111111111111111111111111111111111111111111
444444333333333333333333333333333333333333333333333333333333333333333333333333333333333333333333333333333333333333333333333333333333333333333333333333333333311111111111111111111111111111111111111111111111111111111111111111111111111111111111111111111111111
444444433333333333333333333333333333333333333333333333333333333333333333333333333333333333333333333333333333333333333333333333333333333333333333333333333333331111111111111111111111111111111111111111111111111111111111111111111111111111111111111111111111111
444444443333333333333333333333333333333333333333333333333333333333333333333333333333333333333333333333333333333333333333333333333333333333333333333333333333333111111111111111111111111111111111111111111111111111111111111111111111111111111111111111111111111
444444444333333333333333333333333333333333333333333333333333333333333333333333333333333333333333333333333333333333333333333333333333333333333333333333333333333311111111111111111111111111111111111111111111111111111111111111111111111111111111111111111111111
444444444433333333333333333333333333333333333333333333333333333333333333333333333333333333333333333333333333333333333333333333333333333333333333333333333333333331111111111111111111111111111111111111111111111111111111111111111111111111111111111111111111111
444444444443333333333333333333333333333333333333333333333333333333333333333333333333333333333333333333333333333333333333333333333333333333333333333333333333333333111111111111111111111111111111111111111111111111111111111111111111111111111111111111111111111
444444444444333333333333333333333333333333333333333333333333333333333333333333333333333333333333333333333333333333333333333333333333333333333333333333333333333333311111111111111111111111111111111111111111111111111111111111111111111111111111111111111111111
444444444444433333333333333333333333333333333333333333333333333333333333333333333333333333333333333333333333333333333333333333333333333333333333333333333333333333331111111111111111111111111111111111111111111111111111111111111111111111111111111111111111111
444444444444443333333333333333333333333333333333333333333333333333333333333333333333333333333333333333333333333333333333333333333333333333333333333333333333333333331111111111111111111111111111111111111111111111111111111111111111111111111111111111111111111
444444444444444433333333333333333333333333333333333333333333333333333333333333333333333333333333333333333333333333333333333333333333333333333333333333333333333333333111111111111111111111111111111111111111111111111111111111111111111111111111111111111111111
444444444444444443333333333333333333333333333333333333333333333333333333333333333333333333333333333333333333333333333333333333333333333333333333333333333333333333313311111111111111111111111111111111111111111111111111111111111111111111111111111111111111111
444444444444444444333333333333333333333333333333333333333333333333333333333333333333333333333333333333333333333333333333333333333333333333333333333333333333333333331311111111111111111111111111111111111111111111111111111111111111111111111111111111111111111
444444444444444444433333333333333333333333333333333333333333333333333333333333333333333333333333333333333333333333333333333333333333333333333333333333333333333333333131111111111111111111111111111111111111111111111111111111111111111111111111111111111111111
444444444444444444443333333333333333333333333333333333333333333333333333333333333333333333333333333333333333333333333333333333333333333333333333333333333333333333333311111111111111111111111111111111111111111111111111111111111111111111111111111111111111111
444444444444444444444333333333333333333333333333333333333333333333333333333333333333333333333333333333333333333333333333333333333333333333333333333333333333333333333331111111111111111111111111111111111111111111111111111111111111111111111111111111111111111
444444444444444444444433333333333333333333333333333333333333333333333333333333333333333333333333333333333333333333333333333333333333333333333333333333333333333333333311111111111111111111111111111111111111111111111111111111111111111111111111111111111111111
444444444444444444444443333333333333333333333333333333333333333333333333333333333333333333333333333333333333333333333333333333333333333333333333333333333333333333333311111111111111111111111111111111111111111111111111111111111111111111111111111111111111111
444444444444444444444444333333333333333333333333333333333333333333333333333333333333333333333333333333333333333333333333333333333333333333333333333333333333333333333331111111111111111111111111111111111111111111111111111111111111111111111111111111111111111
444444444444444444444444433333333333333333333333333333333333333333333333333333333333333333333333333333333333333333333333333333333333333333333333333333333333333333333333111111111111111111111111111111111111111111111111111111111111111111111111111111111111111
444444444444444444444444443333333333333333333333333333333333333333333333333333333333333333333333333333333333333333333333333333333333333333333333333333333333333333333333311111111111111111111111111111111111111111111111111111111111111111111111111111111111111
444444444444444444444444444333333333333333333333333333333333333333333333333333333333333333333333333333333333333333333333333333333333333333333333333333333333333333333333331111111111111111111111111111111111111111111111111111111111111111111111111111111111111
444444444444444444444444444433333333333333333333333333333333333333333333333333333333333333333333333333333333333333333333333333333333333333333333333333333333333333333333333111111111111111111111111111111111111111111111111111111111111111111111111111111111111
444444444444444444444444444443333333333333333333333333333333333333333333333333333333333333333333333333333333333333333333333333333333333333333333333333333333333333333333331311111111111111111111111111111111111111111111111111111111111111111111111111111111111
444444444444444444444444444444333333333333333333333333333333333333333333333333333333333333333333333333333333333333333333333333333333333333333333333333333333333333333333333131111111111111111111111111111111111111111111111111111111111111111111111111111111111
444444444444444444444444444444433333333333333333333333333333333333333333333333333333333333333333333333333333333333333333333333333333333333333333333333333333333333333333333313111111111111111111111111111111111111111111111111111111111111111111111111111111111
444444444444444444444444444444443333333333333333333333333333333333333333333333333333333333333333333333333333333333333333333333333333333333333333333333333333333333333333333131311111111111111111111111111111111111111111111111111111111111111111111111111111111
444444444444444444444444444444444333333333333333333333333333333333333333333333333333333333333333333333333333333333333333333333333333333333333333333333333333333333333333333313111111111111111111111111111111111111111111111111111111111111111111111111111111111
444444444444444444444444444444444433333333333333333333333333333333333333333333333333333333333333333333333333333333333333333333333333333333333333333333333333333333333333333313111111111111111111111111111111111111111111111111111111111111111111111111111111111
444444444444444444444444444444444443333333333333333333333333333333333333333333333333333333333333333333333333333333333333333333333333333333333333333333333333333333333333333331111111111111111111111111111111111111111111111111111111111111111111111111111111111
444444444444444444444444444444444444333333333333333333333333333333333333333333333333333333333333333333333333333333333333333333333333333333333333333333333333333333333333333331111111111111111111111111111111111111111111111111111111111111111111111111111111111
444444444444444444444444444444444444433333333333333333333333333333333333333333333333333333333333333333333333333333333333333333333333333333333333333333333333333333333333333331111111111111111111111111111111111111111111111111111111111111111111111111111111111
444444444444444444444444444444444444443333333333333333333333333333333333333333333333333333333333333333333333333333333333333333333333333333333333333333333333333333333333333331111111111111111111111111111111111111111111111111111111111111111111111111111111111
444444444444444444444444444444444444444333333333333333333333333333333333333333333333333333333333333333333333333333333333333333333333333333333333333333333333333333333333333333111111111111111111111111111111111111111111111111111111111111111111111111111111111
444444444444444444444444444444444444444433333333333333333333333333333333333333333333333333333333333333333333333333333333333333333333333333333333333333333333333333333333333331311111111111111111111111111111111111111111111111111111111111111111111111111111111
444444444444444444444444444444444444444443333333333333333333333333333333333333333333333333333333333333333333333333333333333333333333333333333333333333333333333333333333333333111111111111111111111111111111111111111111111111111111111111111111111111111111111
444444444444444444444444444444444444444444333333333333333333333333333333333333333333333333333333333333333333333333333333333333333333333333333333333333333333333333333333333333311111111111111111111111111111111111111111111111111111111111111111111111111111111
444444444444444444444444444444444444444444433333333333333333333333333333333333333333333333333333333333333333333333333333333333333333333333333333333333333333333333333333333333331111111111111111111111111111111111111111111111111111111111111111111111111111111
444444444444444444444444444444444444444444443333333333333333333333333333333333333333333333333333333333333333333333333333333333333333333333333333333333333333333333333333333333331111111111111111111111111111111111111111111111111111111111111111111111111111111
444444444444444444444444444444444444444444444333333333333333333333333333333333333333333333333333333333333333333333333333333333333333333333333333333333333333333333333333333333311111111111111111111111111111111111111111111111111111111111111111111111111111111
444444444444444444444444444444444444444444444433333333333333333333333333333333333333333333333333333333333333333333333333333333333333333333333333333333333333333333333333333333331111111111111111111111111111111111111111111111111111111111111111111111111111111
444444444444444444444444444444444444444444444443333333333333333333333333333333333333333333333333333333333333333333333333333333333333333333333333333333333333333333333333333333333111111111111111111111111111111111111111111111111111111111111111111111111111111
444444444444444444444444444444444444444444444444333333333333333333333333333333333333333333333333333333333333333333333333333333333333333333333333333333333333333333333333333333333311111111111111111111111111111111111111111111111111111111111111111111111111111
444444444444444444444444444444444444444444444443333333333333333333333333333333333333333333333333333333333333333333333333333333333333333333333333333333333333333333333333333333333311111111111111111111111111111111111111111111111111111111111111111111111111111
444444444444444444444444444444444444444444444444333333333333333333333333333333333333333333333333333333333333333333333333333333333333333333333333333333333333333333333333333333333111111111111111111111111111111111111111111111111111111111111111111111111111111
444444444444444444444444444444444444444444444444333333333333333333333333333333333333333333333333333333333333333333333333333333333333333333333333333333333333333333333333333333333111111111111111111111111111111111111111111111111111111111111111111111111111111
444444444444444444444444444444444444444444444444433333333333333333333333333333333333333333333333333333333333333333333333333333333333333333333333333333333333333333333333333333333111111111111111111111111111111111111111111111111111111111111111111111111111111
444444444444444444444444444444444444444444444444444333333333333333333333333333333333333333333333333333333333333333333333333333333333333333333333333333333333333333333333333333333111111111111111111111111111111111111111111111111111111111111111111111111111111
444444444444444444444444444444444444444444444444444433333333333333333333333333333333333333333333333333333333333333333333333333333333333333333333333333333333333333333333333333333311111111111111111111111111111111111111111111111111111111111111111111111111111
444444444444444444444444444444444444444444444444444443333333333333333333333333333333333333333333333333333333333333333333333333333333333333333333333333333333333333333333333333333111111111111111111111111111111111111111111111111111111111111111111111111111111
444444444444444444444444444444444444444444444444444444333333333333333333333333333333333333333333333333333333333333333333333333333333333333333333333333333333333333333333333333333311111111111111111111111111111111111111111111111111111111111111111111111111111
444444444444444444444444444444444444444444444444444444443333333333333333333333333333333333333333333333333333333333333333333333333333333333333333333333333333333333333333333333333331111111111111111111111111111111111111111111111111111111111111111111111111111
444444444444444444444444444444444444444444444444444444444333333333333333333333333333333333333333333333333333333333333333333333333333333333333333333333333333333333333333333333333311111111111111111111111111111111111111111111111111111111111111111111111111111
444444444444444444444444444444444444444444444444444444444433333333333333333333333333333333333333333333333333333333333333333333333333333333333333333333333333333333333333333333333311111111111111111111111111111111111111111111111111111111111111111111111111111
444444444444444444444444444444444444444444444444444444444433333333333333333333333333333333333333333333333333333333333333333333333333333333333333333333333333333333333333333333333311111111111111111111111111111111111111111111111111111111111111111111111111111
444444444444444444444444444444444444444444444444444444444443333333333333333333333333333333333333333333333333333333333333333333333333333333333333333333333333333333333333333333333331111111111111111111111111111111111111111111111111111111111111111111111111111
444444444444444444444444444444444444444444444444444444444444333333333333333333333333333333333333333333333333333333333333333333333333333333333333333333333333333333333333333333333331111111111111111111111111111111111111111111111111111111111111111111111111111
444444444444444444444444444444444444444444444444444444444444433333333333333333333333333333333333333333333333333333333333333333333333333333333333333333333333333333333333333333333331111111111111111111111111111111111111111111111111111111111111111111111111111
444444444444444444444444444444444444444444444444444444444444443333333333333333333333333333333333333333333333333333333333333333333333333333333333333333333333333333333333333333333311111111111111111111111111111111111111111111111111111111111111111111111111111
444444444444444444444444444444444444444444444444444444444444434333333333333333333333333333333333333333333333333333333333333333333333333333333333333333333333333333333333333333333331111111111111111111111111111111111111111111111111111111111111111111111111111
444444444444444444444444444444444444444444444444444444444444443433333333333333333333333333333333333333333333333333333333333333333333333333333333333333333333333333333333333333333331111111111111111111111111111111111111111111111111111111111111111111111111111
444444444444444444444444444444444444444444444444444444444444444343333333333333333333333333333333333333333333333333333333333333333333333333333333333333333333333333333333333333333331111111111111111111111111111111111111111111111111111111111111111111111111111
444444444444444444444444444444444444444444444444444444444444444433333333333333333333333333333333333333333333333333333333333333333333333333333333333333333333333333333333333333333331111111111111111111111111111111111111111111111111111111111111111111111111111
444444444444444444444444444444444444444444444444444444444444444443333333333333333333333333333333333333333333333333333333333333333333333333333333333333333333333333333333333333333333111111111111111111111111111111111111111111111111111111111111111111111111111
444444444444444444444444444444444444444444444444444444444444444444433333333333333333333333333333333333333333333333333333333333333333333333333333333333333333333333333333333333333333111111111111111111111111111111111111111111111111111111111111111111111111111
444444444444444444444444444444444444444444444444444444444444444444443333333333333333333333333333333333333333333333333333333333333333333333333333333333333333333333333333333333333331111111111111111111111111111111111111111111111111111111111111111111111111111
444444444444444444444444444444444444444444444444444444444444444444444333333333333333333333333333333333333333333333333333333333333333333333333333333333333333333333333333333333333331111111111111111111111111111111111111111111111111111111111111111111111111111
444444444444444444444444444444444444444444444444444444444444444444444433333333333333333333333333333333333333333333333333333333333333333333333333333333333333333333333333333333333333111111111111111111111111111111111111111111111111111111111111111111111111111
444444444444444444444444444444444444444444444444444444444444444444444443333333333333333333333333333333333333333333333333333333333333333333333333333333333333333333333333333333333333111111111111111111111111111111111111111111111111111111111111111111111111111
444444444444444444444444444444444444444444444444444444444444444444444444333333333333333333333333333333333333333333333333333333333333333333333333333333333333333333333333333333333331111111111111111111111111111111111111111111111111111111111111111111111111111
444444444444444444444444444444444444444444444444444444444444444444444444433333333333333333333333333333333333333333333333333333333333333333333333333333333333333333333333333333333333111111111111111111111111111111111111111111111111111111111111111111111111111
444444444444444444444444444444444444444444444444444444444444444444444444443333333333333333333333333333333333333333333333333333333333333333333333333333333333333333333333333333333333311111111111111111111111111111111111111111111111111111111111111111111111111
444444444444444444444444444444444444444444444444444444444444444444444444444333333333333333333333333333333333333333333333333333333333333333333333333333333333333333333333333333333333111111111111111111111111111111111111111111111111111111111111111111111111111
444444444444444444444444444444444444444444444444444444444444444444444444444433333333333333333333333333333333333333333333333333333333333333333333333333333333333333333333333333333333111111111111111111111111111111111111111111111111111111111111111111111111111
444444444444444444444444444444444444444444444444444444444444444444444444444443333333333333333333333333333333333333333333333333333333333333333333333333333333333333333333333333333333111111111111111111111111111111111111111111111111111111111111111111111111111
444444444444444444444444444444444444444444444444444444444444444444444444444444433333333333333333333333333333333333333333333333333333333333333333333333333333333333333333333333333333111111111111111111111111111111111111111111111111111111111111111111111111111
444444444444444444444444444444444444444444444444444444444444444444444444444444443333333333333333333333333333333333333333333333333333333333333333333333333333333333333333333333333331311111111111111111111111111111111111111111111111111111111111111111111111111
444444444444444444444444444444444444444444444444444444444444444444444444444444444333333333333333333333333333333333333333333333333333333333333333333333333333333333333333333333333333131111111111111111111111111111111111111111111111111111111111111111111111111
444444444444444444444444444444444444444444444444444444444444444444444444444444444433333333333333333333333333333333333333333333333333333333333333333333333333333333333333333333333333311111111111111111111111111111111111111111111111111111111111111111111111111
444444444444444444444444444444444444444444444444444444444444444444444444444444444433333333333333333333333333333333333333333333333333333333333333333333333333333333333333333333333333331111111111111111111111111111111111111111111111111111111111111111111111111
444444444444444444444444444444444444444444444444444444444444444444444444444444444443333333333333333333333333333333333333333333333333333333333333333333333333333333333333333333333333331111111111111111111111111111111111111111111111111111111111111111111111111
444444444444444444444444444444444444444444444444444444444444444444444444444444444444333333333333333333333333333333333333333333333333333333333333333333333333333333333333333333333333311111111111111111111111111111111111111111111111111111111111111111111111111
444444444444444444444444444444444444444444444444444444444444444444444444444444444444433333333333333333333333333333333333333333333333333333333333333333333333333333333333333333333333331111111111111111111111111111111111111111111111111111111111111111111111111
444444444444444444444444444444444444444444444444444444444444444444444444444444444444443333333333333333333333333333333333333333333333333333333333333333333333333333333333333333333333333111111111111111111111111111111111111111111111111111111111111111111111111
444444444444444444444444444444444444444444444444444444444444444444444444444444444444444333333333333333333333333333333333333333333333333333333333333333333333333333333333333333333333333311111111111111111111111111111111111111111111111111111111111111111111111
444444444444444444444444444444444444444444444444444444444444444444444444444444444444444433333333333333333333333333333333333333333333333333333333333333333333333333333333333333333333333331111111111111111111111111111111111111111111111111111111111111111111111
444444444444444444444444444444444444444444444444444444444444444444444444444444444444444444333333333333333333333333333333333333333333333333333333333333333333333333333333333333333333333331111111111111111111111111111111111111111111111111111111111111111111111
444444444444444444444444444444444444444444444444444444444444444444444444444444444444444444433333333333333333333333333333333333333333333333333333333333333333333333333333333333333333333331111111111111111111111111111111111111111111111111111111111111111111111
444444444444444444444444444444444444444444444444444444444444444444444444444444444444444444443333333333333333333333333333333333333333333333333333333333333333333333333333333333333333333333131111111111111111111111111111111111111111111111111111111111111111111
444444444444444444444444444444444444444444444444444444444444444444444444444444444444444444444333333333333333333333333333333333333333333333333333333333333333333333333333333333333333333333313111111111111111111111111111111111111111111111111111111111111111111
444444444444444444444444444444444444444444444444444444444444444444444444444444444444444444444433333333333333333333333333333333333333333333333333333333333333333333333333333333333333333333311311111111111111111111111111111111111111111111111111111111111111111
444444444444444444444444444444444444444444444444444444444444444444444444444444444444444444444443333333333333333333333333333333333333333333333333333333333333333333333333333333333333333333333111111111111111111111111111111111111111111111111111111111111111111
444444444444444444444444444444444444444444444444444444444444444444444444444444444444444444444444333333333333333333333333333333333333333333333333333333333333333333333333333333333333333333331111111111111111111111111111111111111111111111111111111111111111111
444444444444444444444444444444444444444444444444444444444444444444444444444444444444444444444443333333333333333333333333333333333333333333333333333333333333333333333333333333333333333333333111111111111111111111111111111111111111111111111111111111111111111
444444444444444444444444444444444444444444444444444444444444444444444444444444444444444444444444333333333333333333333333333333333333333333333333333333333333333333333333333333333333333333333311111111111111111111111111111111111111111111111111111111111111111
444444444444444444444444444444444444444444444444444444444444444444444444444444444444444444444444443333333333333333333333333333333333333333333333333333333333333333333333333333333333333333333311111111111111111111111111111111111111111111111111111111111111111
444444444444444444444444444444444444444444444444444444444444444444444444444444444444444444444444444333333333333333333333333333333333333333333333333333333333333333333333333333333333333333333331111111111111111111111111111111111111111111111111111111111111111
444444444444444444444444444444444444444444444444444444444444444444444444444444444444444444444444444433333333333333333333333333333333333333333333333333333333333333333333333333333333333333333333111111111111111111111111111111111111111111111111111111111111111
444444444444444444444444444444444444444444444444444444444444444444444444444444444444444444444444444443333333333333333333333333333333333333333333333333333333333333333333333333333333333333333333311111111111111111111111111111111111111111111111111111111111111
444444444444444444444444444444444444444444444444444444444444444444444444444444444444444444444444444443333333333333333333333333333333333333333333333333333333333333333333333333333333333333333333311111111111111111111111111111111111111111111111111111111111111
444444444444444444444444444444444444444444444444444444444444444444444444444444444444444444444444444443333333333333333333333333333333333333333333333333333333333333333333333333333333333333333333311111111111111111111111111111111111111111111111111111111111111
444444444444444444444444444444444444444444444444444444444444444444444444444444444444444444444444444444333333333333333333333333333333333333333333333333333333333333333333333333333333333333333333331111111111111111111111111111111111111111111111111111111111111
444444444444444444444444444444444444444444444444444444444444444444444444444444444444444444444444444444433333333333333333333333333333333333333333333333333333333333333333333333333333333333333333311111111111111111111111111111111111111111111111111111111111111
444444444444444444444444444444444444444444444444444444444444444444444444444444444444444444444444444444444333333333333333333333333333333333333333333333333333333333333333333333333333333333333333311111111111111111111111111111111111111111111111111111111111111
444444444444444444444444444444444444444444444444444444444444444444444444444444444444444444444444444444444433333333333333333333333333333333333333333333333333333333333333333333333333333333333333311111111111111111111111111111111111111111111111111111111111111
444444444444444444444444444444444444444444444444444444444444444444444444444444444444444444444444444444444433333333333333333333333333333333333333333333333333333333333333333333333333333333333333311111111111111111111111111111111111111111111111111111111111111
444444444444444444444444444444444444444444444444444444444444444444444444444444444444444444444444444444444443333333333333333333333333333333333333333333333333333333333333333333333333333333333333311111111111111111111111111111111111111111111111111111111111111
444444444444444444444444444444444444444444444444444444444444444444444444444444444444444444444444444444444444333333333333333333333333333333333333333333333333333333333333333333333333333333333333311111111111111111111111111111111111111111111111111111111111111
444444444444444444444444444444444444444444444444444444444444444444444444444444444444444444444444444444444444333333333333333333333333333333333333333333333333333333333333333333333333333333333333311111111111111111111111111111111111111111111111111111111111111
444444444444444444444444444444444444444444444444444444444444444444444444444444444444444444444444444444444444333333333333333333333333333333333333333333333333333333333333333333333333333333333333311111111111111111111111111111111111111111111111111111111111111
444444444444444444444444444444444444444444444444444444444444444444444444444444444444444444444444444444444444433333333333333333333333333333333333333333333333333333333333333333333333333333333333331111111111111111111111111111111111111111111111111111111111111
444444444444444444444444444444444444444444444444444444444444444444444444444444444444444444444444444444444444443333333333333333333333333333333333333333333333333333333333333333333333333333333333333111111111111111111111111111111111111111111111111111111111111
444444444444444444444444444444444444444444444444444444444444444444444444444444444444444444444444444444444444444333333333333333333333333333333333333333333333333333333333333333333333333333333333333111111111111111111111111111111111111111111111111111111111111
444444444444444444444444444444444444444444444444444444444444444444444444444444444444444444444444444444444444444433333333333333333333333333333333333333333333333333333333333333333333333333333333331111111111111111111111111111111111111111111111111111111111111
444444444444444444444444444444444444444444444444444444444444444444444444444444444444444444444444444444444444444443333333333333333333333333333333333333333333333333333333333333333333333333333333333111111111111111111111111111111111111111111111111111111111111
444444444444444444444444444444444444444444444444444444444444444444444444444444444444444444444444444444444444444444333333333333333333333333333333333333333333333333333333333333333333333333333333333111111111111111111111111111111111111111111111111111111111111
444444444444444444444444444444444444444444444444444444444444444444444444444444444444444444444444444444444444444444333333333333333333333333333333333333333333333333333333333333333333333333333333333311111111111111111111111111111111111111111111111111111111111
444444444444444444444444444444444444444444444444444444444444444444444444444444444444444444444444444444444444444444433333333333333333333333333333333333333333333333333333333333333333333333333333333331111111111111111111111111111111111111111111111111111111111
444444444444444444444444444444444444444444444444444444444444444444444444444444444444444444444444444444444444444444443333333333333333333333333333333333333333333333333333333333333333333333333333333333111111111111111111111111111111111111111111111111111111111
444444444444444444444444444444444444444444444444444444444444444444444444444444444444444444444444444444444444444444444333333333333333333333333333333333333333333333333333333333333333333333333333333333311111111111111111111111111111111111111111111111111111111
444444444444444444444444444444444444444444444444444444444444444444444444444444444444444444444444444444444444444444444443333333333333333333333333333333333333333333333333333333333333333333333333333333331111111111111111111111111111111111111111111111111111111
444444444444444444444444444444444444444444444444444444444444444444444444444444444444444444444444444444444444444444444443333333333333333333333333333333333333333333333333333333333333333333333333333333313111111111111111111111111111111111111111111111111111111
444444444444444444444444444444444444444444444444444444444444444444444444444444444444444444444444444444444444444444444443333333333333333333333333333333333333333333333333333333333333333333333333333333331311111111111111111111111111111111111111111111111111111
444444444444444444444444444444444444444444444444444444444444444444444444444444444444444444444444444444444444444444444444333333333333333333333333333333333333333333333333333333333333333333333333333333333311111111111111111111111111111111111111111111111111111
444444444444444444444444444444444444444444444444444444444444444444444444444444444444444444444444444444444444444444444444433333333333333333333333333333333333333333333333333333333333333333333333333333333311111111111111111111111111111111111111111111111111111
444444444444444444444444444444444444444444444444444444444444444444444444444444444444444444444444444444444444444444444444443333333333333333333333333333333333333333333333333333333333333333333322222333333311111111111111111111111111111111111111111111111111111
444444444444444444444444444444444444444444444444444444444444444444444444444444444444444444444444444444444444444444444444444333333333333333333333333333333322223333333333322232333332232223223222222223232311121111111111111111111111111111111111111111111111111
444444444444444444444444444444444444444444444444444444444444444444444444444444444444444444444444444444444444444444444444444233332332233333333332333333233222222222222222222222222222222222222222222222222222222111111111111111111111111111111111111111111111111
444444444444444444444444444444444444444444444444444444444444444444444444444444444444444444444444444444444444444444444444444422222222222222322222223222222222222222222222222222222222222222222222222222222222222212221222122122111111111111111111111111111111111
444444444444444444444444444444444444444444444444444444444444444444444444444444444444444444444444444444444444444444444444444222222222222222222222222222222222222222222222222222222222222222222222222222222222222222222222222222221111111121111111111111111111111
444444444444444444444444444444444444444444444444444444444444444444444444444444444444444444444444444444444444444444444444442222222222222222222222222222222222222222222222222222222222222222222222222222222222222222222222222222222222112221111111111111111111111
444444444444444444444444444444444444444444444444444444444444444444444444444444444444444444444444444444444444444444444444442222222222222222222222222222222222222222222222222222222222222222222222222222222222222222222222222222222222222222222222212111111111111
444444444444444444444444444444444444444444444444444444444444444444444444444444444444444444444444444444444444444444444444442222222222222222222222222222222222222222222222222222222222222222222222222222222222222222222222222222222222222222222222222122211111111
444444444444444444444444444444444444444444444444444444444444444444444444444444444444444444444444444444444444444444444444442222222222222222222222222222222222222222222222222222222222222222222222222222222222222222222222222222222222222222222222222222222111111
444444444444444444444444444444444444444444444444444444444444444444444444444444444444444444444444444444444444444444444444442222222222222222222222222222222222222222222222222222222222222222222222222222222222222222222222222222222222222222222222222222222211111
444444444444444444444444444444444444444444444444444444444444444444444444444444444444444444444444444444444444444444444444442222222222222222222222222222222222222222222222222222222222222222222222222222222222222222222222222222222222222222222222222222222222211
444444444444444444444444444444444444444444444444444444444444444444444444444444444444444444444444444444444444444444444444442222222222222222222222222222222222222222222222222222222222222222222222222222222222222222222222222222222222222222222222222222222222222
444444444444444444444444444444444444444444444444444444444444444444444444444444444444444444444444444444444444444444444444422222222222222222222222222222222222222222222222222222222222222222222222222222222222222222222222222222222222222222222222222222222222222
444444444444444444444444444444444444444444444444444444444444444444444444444444444444444444444444444444444444444444444444422222222222222222222222222222222222222222222222222222222222222222222222222222222222222222222222222222222222222222222222222222222222222
444444444444444444444444444444444444444444444444444444444444444444444444444444444444444444444444444444444444444444444444422222222222222222222222222222222222222222222222222222222222222222222222222222222222222222222222222222222222222222222222222222222222222
444444444444444444444444444444444444444444444444444444444444444444444444444444444444444444444444444444444444444444444444422222222222222222222222222222222222222222222222222222222222222222222222222222222222222222222222222222222222222222222222222222222222222
444444444444444444444444444444444444444444444444444444444444444444444444444444444444444444444444444444444444444444444444422222222222222222222222222222222222222222222222222222222222222222222222222222222222222222222222222222222222222222222222222222222222222
444444444444444444444444444444444444444444444444444444444444444444444444444444444444444444444444444444444444444444444444422222222222222222222222222222222222222222222222222222222222222222222222222222222222222222222222222222222222222222222222222222222222222
444444444444444444444444444444444444444444444444444444444444444444444444444444444444444444444444444444444444444444444444422222222222222222222222222222222222222222222222222222222222222222222222222222222222222222222222222222222222222222222222222222222222222
444444444444444444444444444444444444444444444444444444444444444444444444444444444444444444444444444444444444444444444444222222222222222222222222222222222222222222222222222222222222222222222222222222222222222222222222222222222222222222222222222222222222222
444444444444444444444444444444444444444444444444444444444444444444444444444444444444444444444444444444444444444444444442222222222222222222222222222222222222222222222222222222222222222222222222222222222222222222222222222222222222222222222222222222222222222
444444444444444444444444444444444444444444444444444444444444444444444444444444444444444444444444444444444444444444444442222222222222222222222222222222222222222222222222222222222222222222222222222222222222222222222222222222222222222222222222222222222222222
444444444444444444444444444444444444444444444444444444444444444444444444444444444444444444444444444444444444444444444442222222222222222222222222222222222222222222222222222222222222222222222222222222222222222222222222222222222222222222222222222222222222222
444444444444444444444444444444444444444444444444444444444444444444444444444444444444444444444444444444444444444444444444222222222222222222222222222222222222222222222222222222222222222222222222222222222222222222222222222222222222222222222222222222222222222
444444444444444444444444444444444444444444444444444444444444444444444444444444444444444444444444444444444444444444444444222222222222222222222222222222222222222222222222222222222222222222222222222222222222222222222222222222222222222222222222222222222222222
444444444444444444444444444444444444444444444444444444444444444444444444444444444444444444444444444444444444444444444442222222222222222222222222222222222222222222222222222222222222222222222222222222222222222222222222222222222222222222222222222222222222222
444444444444444444444444444444444444444444444444444444444444444444444444444444444444444444444444444444444444444444444442222222222222222222222222222222222222222222222222222222222222222222222222222222222222222222222222222222222222222222222222222222222222222
444444444444444444444444444444444444444444444444444444444444444444444444444444444444444444444444444444444444444444444442222222222222222222222222222222222222222222222222222222222222222222222222222222222222222222222222222222222222222222222222222222222222222
444444444444444444444444444444444444444444444444444444444444444444444444444444444444444444444444444444444444444444444442222222222222222222222222222222222222222222222222222222222222222222222222222222222222222222222222222222222222222222222222222222222222222
444444444444444444444444444444444444444444444444444444444444444444444444444444444444444444444444444444444444444444444442222222222222222222222222222222222222222222222222222222222222222222222222222222222222222222222222222222222222222222222222222222222222222
444444444444444444444444444444444444444444444444444444444444444444444444444444444444444444444444444444444444444444444422222222222222222222222222222222222222222222222222222222222222222222222222222222222222222222222222222222222222222222222222222222222222222
444444444444444444444444444444444444444444444444444444444444444444444444444444444444444444444444444444444444444444444422222222222222222222222222222222222222222222222222222222222222222222222222222222222222222222222222222222222222222222222222222222222222222
444444444444444444444444444444444444444444444444444444444444444444444444444444444444444444444444444444444444444444444422222222222222222222222222222222222222222222222222222222222222222222222222222222222222222222222222222222222222222222222222222222222222222
444444444444444444444444444444444444444444444444444444444444444444444444444444444444444444444444444444444444444444444222222222222222222222222222222222222222222222222222222222222222222222222222222222222222222222222222222222222222222222222222222222222222222
444444444444444444444444444444444444444444444444444444444444444444444444444444444444444444444444444444444444444444444422222222222222222222222222222222222222222222222222222222222222222222222222222222222222222222222222222222222222222222222222222222222222222
444444444444444444444444444444444444444444444444444444444444444444444444444444444444444444444444444444444444444444444422222222222222222222222222222222222222222222222222222222222222222222222222222222222222222222222222222222222222222222222222222222222222222
444444444444444444444444444444444444444444444444444444444444444444444444444444444444444444444444444444444444444444444222222222222222222222222222222222222222222222222222222222222222222222222222222222222222222222222222222222222222222222222222222222222222222
444444444444444444444444444444444444444444444444444444444444444444444444444444444444444444444444444444444444444444444222222222222222222222222222222222222222222222222222222222222222222222222222222222222222222222222222222222222222222222222222222222222222222
444444444444444444444444444444444444444444444444444444444444444444444444444444444444444444444444444444444444444444444222222222222222222222222222222222222222222222222222222222222222222222222222222222222222222222222222222222222222222222222222222222222222222
444444444444444444444444444444444444444444444444444444444444444444444444444444444444444444444444444444444444444444444222222222222222222222222222222222222222222222222222222222222222222222222222222222222222222222222222222222222222222222222222222222222222222
444444444444444444444444444444444444444444444444444444444444444444444444444444444444444444444444444444444444444444442222222222222222222222222222222222222222222222222222222222222222222222222222222222222222222222222222222222222222222222222222222222222222222
444444444444444444444444444444444444444444444444444444444444444444444444444444444444444444444444444444444444444444444222222222222222222222222222222222222222222222222222222222222222222222222222222222222222222222222222222222222222222222222222222222222222222
444444444444444444444444444444444444444444444444444444444444444444444444444444444444444444444444444444444444444444444222222222222222222222222222222222222222222222222222222222222222222222222222222222222222222222222222222222222222222222222222222222222222222
444444444444444444444444444444444444444444444444444444444444444444444444444444444444444444444444444444444444444444442222222222222222222222222222222222222222222222222222222222222222222222222222222222222222222222222222222222222222222222222222222222222222222
444444444444444444444444444444444444444444444444444444444444444444444444444444444444444444444444444444444444444444422222222222222222222222222222222222222222222222222222222222222222222222222222222222222222222222222222222222222222222222222222222222222222222
444444444444444444444444444444444444444444444444444444444444444444444444444444444444444444444444444444444444444444442222222222222222222222222222222222222222222222222222222222222222222222222222222222222222222222222222222222222222222222222222222222222222222
444444444444444444444444444444444444444444444444444444444444444444444444444444444444444444444444444444444444444444422222222222222222222222222222222222222222222222222222222222222222222222222222222222222222222222222222222222222222222222222222222222222222222
444444444444444444444444444444444444444444444444444444444444444444444444444444444444444444444444444444444444444444422222222222222222222222222222222222222222222222222222222222222222222222222222222222222222222222222222222222222222222222222222222222222222222
444444444444444444444444444444444444444444444444444444444444444444444444444444444444444444444444444444444444444444422222222222222222222222222222222222222222222222222222222222222222222222222222222222222222222222222222222222222222222222222222222222222222222
444444444444444444444444444444444444444444444444444444444444444444444444444444444444444444444444444444444444444444422222222222222222222222222222222222222222222222222222222222222222222222222222222222222222222222222222222222222222222222222222222222222222222
444444444444444444444444444444444444444444444444444444444444444444444444444444444444444444444444444444444444444444422222222222222222222222222222222222222222222222222222222222222222222222222222222222222222222222222222222222222222222222222222222222222222222
444444444444444444444444444444444444444444444444444444444444444444444444444444444444444444444444444444444444444444222222222222222222222222222222222222222222222222222222222222222222222222222222222222222222222222222222222222222222222222222222222222222222222
444444444444444444444444444444444444444444444444444444444444444444444444444444444444444444444444444444444444444442222222222222222222222222222222222222222222222222222222222222222222222222222222222222222222222222222222222222222222222222222222222222222222222
444444444444444444444444444444444444444444444444444444444444444444444444444444444444444444444444444444444444444444222222222222222222222222222222222222222222222222222222222222222222222222222222222222222222222222222222222222222222222222222222222222222222222
444444444444444444444444444444444444444444444444444444444444444444444444444444444444444444444444444444444444444444222222222222222222222222222222222222222222222222222222222222222222222222222222222222222222222222222222222222222222222222222222222222222222222
444444444444444444444444444444444444444444444444444444444444444444444444444444444444444444444444444444444444444442222222222222222222222222222222222222222222222222222222222222222222222222222222222222222222222222222222222222222222222222222222222222222222222
444444444444444444444444444444444444444444444444444444444444444444444444444444444444444444444444444444444444444442222222222222222222222222222222222222222222222222222222222222222222222222222222222222222222222222222222222222222222222222222222222222222222222
444444444444444444444444444444444444444444444444444444444444444444444444444444444444444444444444444444444444444444222222222222222222222222222222222222222222222222222222222222222222222222222222222222222222222222222222222222222222222222222222222222222222222
444444444444444444444444444444444444444444444444444444444444444444444444444444444444444444444444444444444444444442222222222222222222222222222222222222222222222222222222222222222222222222222222222222222222222222222222222222222222222222222222222222222222222
444444444444444444444444444444444444444444444444444444444444444444444444444444444444444444444444444444444444444442222222222222222222222222222222222222222222222222222222222222222222222222222222222222222222222222222222222222222222222222222222222222222222222
444444444444444444444444444444444444444444444444444444444444444444444444444444444444444444444444444444444444444442222222222222222222222222222222222222222222222222222222222222222222222222222222222222222222222222222222222222222222222222222222222222222222222
444444444444444444444444444444444444444444444444444444444444444444444444444444444444444444444444444444444444444442222222222222222222222222222222222222222222222222222222222222222222222222222222222222222222222222222222222222222222222222222222222222222222222
444444444444444444444444444444444444444444444444444444444444444444444444444444444444444444444444444444444444444422222222222222222222222222222222222222222222222222222222222222222222222222222222222222222222222222222222222222222222222222222222222222222222222
444444444444444444444444444444444444444444444444444444444444444444444444444444444444444444444444444444444444444422222222222222222222222222222222222222222222222222222222222222222222222222222222222222222222222222222222222222222222222222222222222222222222222
444444444444444444444444444444444444444444444444444444444444444444444444444444444444444444444444444444444444444422222222222222222222222222222222222222222222222222222222222222222222222222222222222222222222222222222222222222222222222222222222222222222222222
444444444444444444444444444444444444444444444444444444444444444444444444444444444444444444444444444444444444444422222222222222222222222222222222222222222222222222222222222222222222222222222222222222222222222222222222222222222222222222222222222222222222222
444444444444444444444444444444444444444444444444444444444444444444444444444444444444444444444444444444444444444422222222222222222222222222222222222222222222222222222222222222222222222222222222222222222222222222222222222222222222222222222222222222222222222
444444444444444444444444444444444444444444444444444444444444444444444444444444444444444444444444444444444444444422222222222222222222222222222222222222222222222222222222222222222222222222222222222222222222222222222222222222222222222222222222222222222222222
444444444444444444444444444444444444444444444444444444444444444444444444444444444444444444444444444444444444444422222222222222222222222222222222222222222222222222222222222222222222222222222222222222222222222222222222222222222222222222222222222222222222222
444444444444444444444444444444444444444444444444444444444444444444444444444444444444444444444444444444444444444422222222222222222222222222222222222222222222222222222222222222222222222222222222222222222222222222222222222222222222222222222222222222222222222
444444444444444444444444444444444444444444444444444444444444444444444444444444444444444444444444444444444444444422222222222222222222222222222222222222222222222222222222222222222222222222222222222222222222222222222222222222222222222222222222222222222222222
444444444444444444444444444444444444444444444444444444444444444444444444444444444444444444444444444444444444444222222222222222222222222222222222222222222222222222222222222222222222222222222222222222222222222222222222222222222222222222222222222222222222222
444444444444444444444444444444444444444444444444444444444444444444444444444444444444444444444444444444444444444222222222222222222222222222222222222222222222222222222222222222222222222222222222222222222222222222222222222222222222222222222222222222222222222
444444444444444444444444444444444444444444444444444444444444444444444444444444444444444444444444444444444444444222222222222222222222222222222222222222222222222222222222222222222222222222222222222222222222222222222222222222222222222222222222222222222222222
444444444444444444444444444444444444444444444444444444444444444444444444444444444444444444444444444444444444442222222222222222222222222222222222222222222222222222222222222222222222222222222222222222222222222222222222222222222222222222222222222222222222222
444444444444444444444444444444444444444444444444444444444444444444444444444444444444444444444444444444444444442222222222222222222222222222222222222222222222222222222222222222222222222222222222222222222222222222222222222222222222222222222222222222222222222
444444444444444444444444444444444444444444444444444444444444444444444444444444444444444444444444444444444444422222222222222222222222222222222222222222222222222222222222222222222222222222222222222222222222222222222222222222222222222222222222222222222222222
444444444444444444444444444444444444444444444444444444444444444444444444444444444444444444444444444444444444422222222222222222222222222222222222222222222222222222222222222222222222222222222222222222222222222222222222222222222222222222222222222222222222222
444444444444444444444444444444444444444444444444444444444444444444444444444444444444444444444444444444444444422222222222222222222222222222222222222222222222222222222222222222222222222222222222222222222222222222222222222222222222222222222222222222222222222
444444444444444444444444444444444444444444444444444444444444444444444444444444444444444444444444444444444444422222222222222222222222222222222222222222222222222222222222222222222222222222222222222222222222222222222222222222222222222222222222222222222222222
444444444444444444444444444444444444444444444444444444444444444444444444444444444444444444444444444444444444222222222222222222222222222222222222222222222222222222222222222222222222222222222222222222222222222222222222222222222222222222222222222222222222222
444444444444444444444444444444444444444444444444444444444444444444444444444444444444444444444444444444444444422222222222222222222222222222222222222222222222222222222222222222222222222222222222222222222222222222222222222222222222222222222222222222222222222
444444444444444444444444444444444444444444444444444444444444444444444444444444444444444444444444444444444444222222222222222222222222222222222222222222222222222222222222222222222222222222222222222222222222222222222222222222222222222222222222222222222222222
444444444444444444444444444444444444444444444444444444444444444444444444444444444444444444444444444444444442222222222222222222222222222222222222222222222222222222222222222222222222222222222222222222222222222222222222222222222222222222222222222222222222222
444444444444444444444444444444444444444444444444444444444444444444444444444444444444444444444444444444444444222222222222222222222222222222222222222222222222222222222222222222222222222222222222222222222222222222222222222222222222222222222222222222222222222
444444444444444444444444444444444444444444444444444444444444444444444444444444444444444444444444444444444444222222222222222222222222222222222222222222222222222222222222222222222222222222222222222222222222222222222222222222222222222222222222222222222222222
444444444444444444444444444444444444444444444444444444444444444444444444444444444444444444444444444444444442222222222222222222222222222222222222222222222222222222222222222222222222222222222222222222222222222222222222222222222222222222222222222222222222222
444444444444444444444444444444444444444444444444444444444444444444444444444444444444444444444444444444444444222222222222222222222222222222222222222222222222222222222222222222222222222222222222222222222222222222222222222222222222222222222222222222222222222
444444444444444444444444444444444444444444444444444444444444444444444444444444444444444444444444444444444442222222222222222222222222222222222222222222222222222222222222222222222222222222222222222222222222222222222222222222222222222222222222222222222222222
444444444444444444444444444444444444444444444444444444444444444444444444444444444444444444444444444444444442222222222222222222222222222222222222222222222222222222222222222222222222222222222222222222222222222222222222222222222222222222222222222222222222222
444444444444444444444444444444444444444444444444444444444444444444444444444444444444444444444444444444444442222222222222222222222222222222222222222222222222222222222222222222222222222222222222222222222222222222222222222222222222222222222222222222222222222
444444444444444444444444444444444444444444444444444444444444444444444444444444444444444444444444444444444422222222222222222222222222222222222222222222222222222222222222222222222222222222222222222222222222222222222222222222222222222222222222222222222222222
444444444444444444444444444444444444444444444444444444444444444444444444444444444444444444444444444444444442222222222222222222222222222222222222222222222222222222222222222222222222222222222222222222222222222222222222222222222222222222222222222222222222222
444444444444444444444444444444444444444444444444444444444444444444444444444444444444444444444444444444444222222222222222222222222222222222222222222222222222222222222222222222222222222222222222222222222222222222222222222222222222222222222222222222222222222
444444444444444444444444444444444444444444444444444444444444444444444444444444444444444444444444444444442222222222222222222222222222222222222222222222222222222222222222222222222222222222222222222222222222222222222222222222222222222222222222222222222222222
444444444444444444444444444444444444444444444444444444444444444444444444444444444444444444444444444444442222222222222222222222222222222222222222222222222222222222222222222222222222222222222222222222222222222222222222222222222222222222222222222222222222222
444444444444444444444444444444444444444444444444444444444444444444444444444444444444444444444444444444442222222222222222222222222222222222222222222222222222222222222222222222222222222222222222222222222222222222222222222222222222222222222222222222222222222
444444444444444444444444444444444444444444444444444444444444444444444444444444444444444444444444444444444222222222222222222222222222222222222222222222222222222222222222222222222222222222222222222222222222222222222222222222222222222222222222222222222222222
444444444444444444444444444444444444444444444444444444444444444444444444444444444444444444444444444444442222222222222222222222222222222222222222222222222222222222222222222222222222222222222222222222222222222222222222222222222222222222222222222222222222222
444444444444444444444444444444444444444444444444444444444444444444444444444444444444444444444444444444442222222222222222222222222222222222222222222222222222222222222222222222222222222222222222222222222222222222222222222222222222222222222222222222222222222
444444444444444444444444444444444444444444444444444444444444444444444444444444444444444444444444444444422222222222222222222222222222222222222222222222222222222222222222222222222222222222222222222222222222222222222222222222222222222222222222222222222222222
444444444444444444444444444444444444444444444444444444444444444444444444444444444444444444444444444444422222222222222222222222222222222222222222222222222222222222222222222222222222222222222222222222222222222222222222222222222222222222222222222222222222222
444444444444444444444444444444444444444444444444444444444444444444444444444444444444444444444444444444222222222222222222222222222222222222222222222222222222222222222222222222222222222222222222222222222222222222222222222222222222222222222222222222222222222
444444444444444444444444444444444444444444444444444444444444444444444444444444444444444444444444444442222222222222222222222222222222222222222222222222222222222222222222222222222222222222222222222222222222222222222222222222222222222222222222222222222222222
444444444444444444444444444444444444444444444444444444444444444444444444444444444444444444444444444442222222222222222222222222222222222222222222222222222222222222222222222222222222222222222222222222222222222222222222222222222222222222222222222222222222222
444444444444444444444444444444444444444444444444444444444444444444444444444444444444444444444444444422222222222222222222222222222222222222222222222222222222222222222222222222222222222222222222222222222222222222222222222222222222222222222222222222222222222
444444444444444444444444444444444444444444444444444444444444444444444444444444444444444444444444444222222222222222222222222222222222222222222222222222222222222222222222222222222222222222222222222222222222222222222222222222222222222222222222222222222222222
444444444444444444444444444444444444444444444444444444444444444444444444444444444444444444444444442222222222222222222222222222222222222222222222222222222222222222222222222222222222222222222222222222222222222222222222222222222222222222222222222222222222222
444444444444444444444444444444444444444444444444444444444444444444444444444444444444444444444444442222222222222222222222222222222222222222222222222222222222222222222222222222222222222222222222222222222222222222222222222222222222222222222222222222222222222
444444444444444444444444444444444444444444444444444444444444444444444444444444444444444444444444422222222222222222222222222222222222222222222222222222222222222222222222222222222222222222222222222222222222222222222222222222222222222222222222222222222222222
444444444444444444444444444444444444444444444444444444444444444444444444444444444444444444444444422222222222222222222222222222222222222222222222222222222222222222222222222222222222222222222222222222222222222222222222222222222222222222222222222222222222222
444444444444444444444444444444444444444444444444444444444444444444444444444444444444444444444444222222222222222222222222222222222222222222222222222222222222222222222222222222222222222222222222222222222222222222222222222222222222222222222222222222222222222
444444444444444444444444444444444444444444444444444444444444444444444444444444444444444444444442222222222222222222222222222222222222222222222222222222222222222222222222222222222222222222222222222222222222222222222222222222222222222222222222222222222222222
444444444444444444444444444444444444444444444444444444444444444444444444444444444444444444444422222222222222222222222222222222222222222222222222222222222222222222222222222222222222222222222222222222222222222222222222222222222222222222222222222222222222222
444444444444444444444444444444444444444444444444444444444444444444444444444444444444444444444422222222222222222222222222222222222222222222222222222222222222222222222222222222222222222222222222222222222222222222222222222222222222222222222222222222222222222
444444444444444444444444444444444444444444444444444444444444444444444444444444444444444444444422222222222222222222222222222222222222222222222222222222222222222222222222222222222222222222222222222222222222222222222222222222222222222222222222222222222222222
444444444444444444444444444444444444444444444444444444444444444444444444444444444444444444444222222222222222222222222222222222222222222222222222222222222222222222222222222222222222222222222222222222222222222222222222222222222222222222222222222222222222222
444444444444444444444444444444444444444444444444444444444444444444444444444444444444444444442222222222222222222222222222222222222222222222222222222222222222222222222222222222222222222222222222222222222222222222222222222222222222222222222222222222222222222
444444444444444444444444444444444444444444444444444444444444444444444444444444444444444444424222222222222222222222222222222222222222222222222222222222222222222222222222222222222222222222222222222222222222222222222222222222222222222222222222222222222222222
444444444444444444444444444444444444444444444444444444444444444444444444444444444444444442244222222222222222222222222222222222222222222222222222222222222222222222222222222222222222222222222222222222222222222222222222222222222222222222222222222222222222222